# Created by Octave 4.2.1, Thu Aug 17 14:53:34 2017 GMT <unknown@unknown>
# name: D
# type: matrix
# rows: 27
# columns: 1
 335
 237
 168
 119
 83.8
 59.3
 41.9
 29.6
 21
 14.8
 10.5
 7.41
 5.24
 3.71
 2.62
 1.7
 1.18
 0.85
 0.6
 0.425
 0.3
 0.212
 0.15
 0.106
 0.075
 0.053
 0


# name: N
# type: scalar
27


# name: dp
# type: matrix
# rows: 1
# columns: 27
 398.3843835259116 281.7711837644155 199.5394697797907 141.3930691370691 99.86090326048527 70.49354580385355 49.84646426778934 35.21704132944731 24.93190726759588 17.62952069683121 12.46595363379794 8.820714256793494 6.231243856566681 4.409126897697548 3.117723528473941 2.110450188940739 1.416333294108417 1.001498876684342 0.714142842854285 0.5049752469181039 0.3570714214271425 0.2521904042583698 0.1783255450012701 0.1260952021291849 0.08916277250063503 0.06304760106459245 0.0265


